825664
914949
776037
88753
692968
596220
299530
739533
870686
40595
805829
306971
615068
488002
791616
248375
75918
688710
378975
799500
528176
389878
849161
418907
23127
345219
548532
887960
630595
823101
888043
271378
729487
507112
721417
21221
57980
902094
676719
979766
428808
599159
441329
45096
196666
621448
573411
566758
877338
149312
863913
920652
533069
15630
719196
448261
642101
783980
689229
580138
686096
183756
499326
611292
320832
381629
871204
497183
704476
285544
714559
514264
690029
194502
272977
886436
793871
961508
756523
454796
202592
149503
653413
88476
544488
75739
407297
171161
718958
846342
159775
815841
767011
969201
404605
294249
700393
163035
286520
414168
839454
235619
346489
771455
158566
235325
109857
20428
745073
416005
685233
15983
288777
845689
716635
469215
480263
757283
622412
309753
638591
824647
327752
531944
43133
159506
551084
838149
3099
734962
893797
866186
217241
988800
647413
526583
46841
389650
958112
141727
12127
201860
862664
726464
713951
543834
380770
873447
745113
555163
703091
10810
28870
899250
733261
111195
968508
281641
341352
871567
312874
194228
633569
434260
360888
674356
586146
358180
311657
111365
944806
356635
6347
598716
571607
946286
180447
729301
387496
935135
299914
742551
318430
340032
275984
760601
593031
77112
866957
198478
677217
512303
315079
634745
932470
83642
511897
555283
517512
417598
310427
434058
984596
413845
857946
176904
663503
808584
679280
885110
130706
838297
810513
988827
187535
649841
509471
408319
214669
333167
871899
562870
434304
395433
113594
609226
785208
676995
181037
445781
247873
147012
338132
66128
177330
300255
549464
994789
33004
957692
450341
69130
743126
769647
342887
348775
364274
4133
254020
54644
136165
812472
23454
440347
779034
864162
317005
951416
574351
68509
567835
411579
826310
23495
315332
576696
127758
731682
244438
988374
40996
187114
665999
643395
379636
106801
379505
126693
960354
505073
456797
203533
520952
647609
751829
993766
657086
835850
73715
40420
598638
20517
43317
715887
741985
685231
852024
396461
809787
103953
557135
436285
525176
505391
542340
484769
158369
978885
298659
329904
422716
210033
454008
370865
274411
291391
180817
846199
391726
322031
981015
94369
423207
605216
700032
591781
546080
990658
872474
43119
955116
941916
230795
381996
582193
393378
586424
826523
521598
870003
512607
646130
74324
143129
723608
753929
371878
12475
413959
241396
600019
804134
464274
459351
718085
41877
64896
332554
358990
297255
395123
11987
901929
219326
327968
917244
384637
831376
170931
661528
64470
328155
937791
991003
184742
143697
18480
874712
763239
933132
847877
166322
624042
983349
592753
690671
360639
123685
584754
226362
565536
648648
666379
924707
402269
471499
521380
907827
939817
777510
657987
678493
821415
228928
172008
704457
540732
400640
472697
762845
803001
41296
147402
749213
624246
442942
41443
956731
39290
24773
140852
338169
739582
850767
556592
594498
51706
116615
192770
831705
897922
124153
467992
884105
588437
820613
303934
715442
568639
315935
41406
94546
962454
181249
288577
756429
738571
216061
362833
42851
717313
402200
87152
405118
246768
61798
101550
371483
430285
630953
19432
367954
349776
187335
494270
798916
66300
954680
548277
540026
953613
613304
842943
615694
750759
569587
262557
596598
862011
615908
735357
404725
412223
872022
68457
424371
655148
241320
301767
450108
116648
404132
383204
234780
157001
996224
268282
80394
305072
439468
923491
713301
673664
86752
216550
482249
941575
534227
203130
641852
318124
554086
188937
812539
536885
95627
167285
571260
592279
17696
569891
145004
150088
784237
557582
665109
933856
513350
924314
724537
990720
162397
904007
158274
708151
817201
452778
253800
667736
906959
558235
240632
250145
742453
861859
231554
489732
906533
950640
641235
480882
404863
466337
439485
590100
15892
36864
661038
419001
772713
34079
949060
136105
20916
757477
256952
377387
895736
899127
574658
581821
739853
977740
313385
322775
933824
8934
102736
579088
971097
839166
101644
448768
57156
885156
378324
213864
3654
939325
651547
587495
428505
85451
331329
80484
833934
634397
174109
973392
255804
819813
453821
771477
93416
532610
584734
645395
605476
722637
554507
291349
776959
347037
445577
379452
937910
856561
97446
332783
107848
482535
23640
431397
435634
352635
274594
986073
368461
547046
585826
353202
276096
472038
785340
361904
165719
369844
759628
747534
656045
527607
639714
839778
704374
398095
220969
177947
173883
148248
337701
236168
249982
521993
46427
929232
472878
335666
752082
743350
672165
839123
668213
823480
833207
618072
614247
50443
638625
236787
439298
628704
944523
341246
32684
425350
540690
929725
34180
151305
567915
56599
172926
902160
758851
381591
252808
383262
74989
558321
640526
663710
972173
659470
44194
128082
670353
825443
818235
128750
110747
107254
402902
269186
487397
945152
882042
697274
685614
953034
712900
970856
731041
61383
710071
528844
995585
257683
275747
936451
831667
755888
408256
120658
123106
360427
131426
212371
467969
731110
658664
945343
838555
22810
540302
154156
797296
436288
110970
556879
376770
56329
588533
785212
646997
878965
408762
387975
321158
774773
905023
436100
952215
50421
706798
937176
322108
552564
366988
519968
103441
802789
428614
546077
720426
943075
174750
863665
696349
519180
336563
116860
478116
410812
137235
826383
583304
869529
130230
520309
508730
757107
382942
509355
20056
612420
205518
444882
444714
169515
426958
382221
246926
662501
108845
580709
781848
242740
97937
431052
497569
81216
580958
666845
626903
499962
37916
777975
89232
106747
460912
965997
934724
42256
142968
518478
713668
553996
691881
912963
162588
418875
161711
657477
421407
420264
243731
644724
586215
158646
668701
19873
483221
611325
166511
637962
313131
351076
948628
674628
154944
761297
855683
318077
198686
142873
18385
117703
464286
624188
123590
789809
246375
357363
462465
678841
784291
37804
49553
854433
34897
270528
417506
395333
242224
93705
319074
320816
522098
783121
397201
62812
65896
623378
895357
799491
358895
317031
14766
879017
154937
262546
766842
504734
996497
863046
209030
436888
508250
129360
545651
888357
520726
703293
324100
235204
546093
728748
814344
327196
82925
105496
88034
261298
924582
549797
362341
240751
875306
214238
281218
593842
354253
720859
945857
876293
959423
798804
67955
280926
58439
207835
184471
712506
750215
761058
750971
872224
284942
438055
430784
549223
194988
181956
258958
431881
89805
265909
612429
547470
558319
190866
574192
957831
267659
915924
664351
149342
892138
522946
498936
424790
433000
362684
248098
669549
780051
224324
50642
434269
882390
834893
322208
317102
793776
927565
613742
507516
175294
488948
969210
477618
743551
577737
206679
507348
124457
417866
807222
603161
939561
113654
654746
917063
513774
669967
543685
669695
40869
512360
103363
931862
999227
564619
65382
169739
906999
908043
116215
872363
702216
225006
341801
483083
647575
834603
93650
669178
466102
55576
484733
430483
638650
174364
817357
261025
44449
163278
47690
571033
44343
730902
488097
225223
225778
958725
481363
684625
371175
392051
708776
605435
99734
642788
748473
673320
889395
500825
482582
732374
572945
42639
775354
631389
834221
293909
485838
972832
265397
446630
11887
22982
361740
670318
372460
872959
523514
576185
862582
292536
932576
526010
391827
393368
958485
801874
813247
836258
185448
351840
827991
329684
69092
12373
730169
658035
556838
585227
903339
665239
786349
438066
909728
758722
941004
631240
129533
419766
54719
423180
369298
978607
832631
548312
131584
240710
443515
363248
873380
297857
556673
767098
520905
836872
408449
519214
251238
599570
757891
287808
386452
576061
186861
979915
853859
357303
684261
393105
553331
460492
430265
472249
89833
457633
572057
179169
825166
843623
791233
133066
749869
372334
515874
82964
599603
831322
233968
918651
157830
12488
844369
666610
933219
901630
706637
1090
901181
541028
547791
521793
696759
319647
984983
940708
83651
422637
823861
14331
506286
555033
832073
688703
756031
245368
473344
510836
378801
742635
7190
204322
923161
458550
151664
515631
474254
343351
959271
936068
453975
908111
498910
83216
475971
988847
190556
11269
674540
701470
132038
222946
784554
801229
339430
252172
492822
874937
133471
736597
282106
763782
830672
54324
662879
747869
373482
832877
567548
959235
379677
436216
453249
330765
244625
370230
663985
278342
315981
231437
839147
566236
759112
861431
469626
793271
942034
911000
815473
556990
738974
810686
496436
855782
371257
884570
355578
651465
583757
847709
652140
47783
596112
544186
191257
553842
382313
347366
54396
983504
550668
588705
437854
791044
772349
706245
661982
252069
582850
676680
934485
641611
626565
755999
761605
972101
148894
182990
300912
717525
812240
231773
720959
572243
948599
634081
586862
711194
375648
201085
278352
55541
982404
439689
174624
451468
512595
236463
139849
87012
799754
425628
23560
167923
109741
152525
444210
369861
237224
427148
559832
556995
372259
387298
67680
168143
66940
864146
701863
43365
858911
222965
616809
806828
377305
298718
874440
251052
851549
380778
204329
705428
331552
206087
712008
795796
806892
461417
362788
949771
781990
320510
985469
634922
779342
695427
288970
710870
928272
236601
34967
830296
420538
434258
537274
310078
618271
493816
565379
726166
305012
920180
101445
30715
578175
971399
554845
969110
182754
5164
931679
323326
301856
654282
18288
123075
686101
274058
339027
988194
639913
298760
871150
16483
119939
219072
717175
451185
190782
660222
158800
108504
660111
305678
373412
946211
677340
842180
183159
960404
443530
350469
454875
988343
925134
921747
839389
493287
220559
997868
84866
821696
269
26378
603425
158314
67313
583760
186891
476915
65076
646251
586380
546541
514897
179598
361733
954189
980817
881211
669443
133811
681492
447212
612194
605943
705543
296230
477792
113809
49114
120161
307404
713619
167485
880950
10766
319865
229930
833018
993099
272392
57577
897858
614582
353030
571585
48057
354416
947789
849717
140559
886250
937397
333487
741587
425808
57991
175083
807920
794027
639023
177193
822664
174493
258250
490239
888488
735834
466440
560124
695599
413755
53698
842944
178332
780771
905350
182785
10865
994393
474552
89331
210503
644668
392302
166637
515787
887799
502287
422318
467577
775237
587581
194184
443052
744235
876816
466177
402973
843170
244020
199507
888572
564650
727792
288265
393156
787022
322397
451977
925799
576545
960397
813443
550640
484934
700328
334302
441644
589565
588369
906907
792639
453255
929785
105857
1993
686465
224802
622804
314134
370387
988774
688279
72577
366256
304335
450069
371150
650472
416894
884934
120270
769141
349420
746287
765226
466164
351420
727726
61808
632582
994527
745471
26979
877298
4280
712235
543453
544856
557706
79741
719230
749161
146606
722977
331082
789360
826790
10633
985806
594929
310455
990740
444607
42912
951469
371327
234940
736610
719622
816471
291458
258840
354274
242551
291675
967053
491932
281988
20491
420358
664506
299161
507978
672029
498147
979361
237796
7089
86782
453813
5467
880011
832328
268581
455134
886498
662897
355689
706750
922777
761529
431318
662578
654869
307827
329662
123974
940275
282885
233445
810691
963131
590159
128447
298146
217362
972756
335219
679336
634206
336502
669694
591381
93101
75307
507353
171139
217764
561932
955052
759577
535290
642887
862547
211133
397991
670507
688382
422067
754444
665344
397241
775040
672279
990097
648579
901866
961497
594571
673482
492272
591881
221505
893190
16508
458436
351408
25541
212126
207227
389659
200266
886698
975321
436767
598748
881674
566178
235453
481936
25047
691712
30951
813083
946621
427974
284732
626070
257747
672255
344339
440426
332878
780146
463469
131456
173500
390825
454803
645753
992916
45664
572525
493417
802540
17377
531863
149018
743373
252670
295498
328668
180819
15883
510022
545216
78662
929208
820836
313126
757452
343930
523526
187311
830243
37476
779856
548567
542538
532190
154914
325940
974622
712616
264072
65842
781516
398309
140378
418542
532883
615479
939789
3115
709012
792142
67937
24539
367708
801329
164381
685145
429222
402252
978274
139453
205042
962035
741338
697924
373363
543440
698047
424762
562774
875377
986620
84235
224926
602583
372301
539589
596605
684819
305393
609068
844615
107437
610096
684055
221548
773253
222338
763592
699905
268020
668298
724151
845645
398928
579596
613317
315315
807313
298589
648139
681713
483729
373865
684024
258528
663067
801868
885980
95336
263864
495688
148063
609044
371513
459350
219136
112880
700629
831360
384304
945339
358160
80525
109414
627690
215345
789794
844986
896334
317830
466312
721261
726320
908965
998506
600238
392089
642627
257398
8942
639296
811008
556956
102688
574341
512312
340922
548276
252594
563970
540061
672328
881221
78872
241617
874793
314514
667867
250265
527784
495086
438567
5327
457575
900373
680991
979445
611102
637925
740651
141650
347916
739678
168661
563713
965116
182796
466040
38125
20738
173610
670684
836721
780013
280908
463582
14393
226451
639861
228711
606143
696587
823991
813083
818821
1080
14748
938593
319621
250312
859414
71476
417713
830179
46924
122392
848777
466585
291367
540176
967457
699099
906829
418749
148915
619118
449381
868091
379177
433021
965042
660891
280110
995281
274168
395178
293753
249081
169817
426499
136476
444661
660550
964962
839716
778434
464689
304653
832091
891836
950730
451156
812038
673652
168961
581262
425841
821235
260892
349198
324439
288284
98501
587005
515128
767407
745574
43394
415927
967722
113901
954320
102607
341173
587639
23906
67928
220014
455025
645782
261355
263973
947632
347613
939017
253145
305169
161079
656309
30920
999573
623746
442477
215264
525803
758088
5932
666685
56526
204880
661361
637222
798238
538097
566222
881531
304242
991591
149458
988772
371285
747532
41781
26212
