161491
821068
202833
818984
807106
531445
269505
149763
81124
691106
281395
632529
659779
186660
259696
239898
460973
847518
319755
445769
378505
765422
762499
175222
278911
808907
894952
534819
989673
839404
216424
983453
796654
39697
453753
26564
248342
957530
267011
706506
423575
83266
797421
343411
593823
800486
818598
761124
855622
47927
480398
778225
117635
45881
222176
901239
661751
13596
451031
331807
412433
689887
110485
39819
760346
351186
31890
368325
640201
36934
611422
248283
306141
822877
772095
388579
142466
780453
793241
858776
970622
228371
765562
661926
725914
605690
172382
944858
508772
439437
596281
316337
775975
947712
958798
756561
321169
55098
735255
796608
164754
919955
158543
150320
452186
672198
365215
469839
657795
954534
742427
808956
535254
206742
488721
617723
401381
34425
808812
293242
398590
267691
583604
240554
566744
37610
208896
771106
309995
145603
620697
172441
229115
951486
391978
417443
107229
365837
450213
199918
992341
244024
302787
979095
440087
189029
201195
859983
170568
594770
853442
587418
92919
961881
609575
53339
5803
261430
901364
767260
581470
265465
894257
605780
662460
169435
329306
895083
1599
884373
943368
667488
836866
952488
60960
765293
572347
503369
389427
24193
132994
10736
581672
628843
296599
649162
718700
736516
747781
263442
299098
544210
412608
896339
982129
809573
68600
227493
161855
244732
