269
1080
1090
1993
3099
3115
3654
4133
4280
5164
5327
5467
5932
6347
7089
7190
8934
8942
10633
10766
10810
10865
11269
11887
11987
12127
12373
12475
12488
14331
14393
14748
14766
15630
15883
15892
15983
16483
16508
17377
17696
18288
18385
18480
19432
19873
20056
20428
20491
20517
20738
20916
21221
22810
22982
23127
23454
23495
23560
23640
23906
24539
24773
25047
25541
26212
26378
26979
28870
30715
30920
30951
32684
33004
34079
34180
34897
34967
36864
37476
37804
37916
38125
39290
40420
40595
40869
40996
41296
41406
41443
41781
41877
42256
42639
42851
42912
43119
43133
43317
43365
43394
44194
44343
44449
45096
45664
46427
46841
46924
47690
47783
48057
49114
49553
50421
50443
50642
51706
53698
54324
54396
54644
54719
55541
55576
56329
56526
56599
57156
57577
57980
57991
58439
61383
61798
61808
62812
64470
64896
65076
65382
65842
65896
66128
66300
66940
67313
67680
67928
67937
67955
68457
68509
69092
69130
71476
72577
73715
74324
74989
75307
75739
75918
77112
78662
78872
79741
80394
80484
80525
81216
82925
82964
83216
83642
83651
84235
84866
85451
86752
86782
87012
87152
88034
88476
88753
89232
89331
89805
89833
93101
93416
93650
93705
94369
94546
95336
95627
97446
97937
98501
99734
101445
101550
101644
102607
102688
102736
103363
103441
103953
105496
105857
106747
106801
107254
107437
107848
108504
108845
109414
109741
109857
110747
110970
111195
111365
112880
113594
113654
113809
113901
116215
116615
116648
116860
117703
119939
120161
120270
120658
122392
123075
123106
123590
123685
123974
124153
124457
126693
127758
128082
128447
128750
129360
129533
130230
130706
131426
131456
131584
132038
133066
133471
133811
136105
136165
136476
137235
139453
139849
140378
140559
140852
141650
141727
142873
142968
143129
143697
145004
146606
147012
147402
148063
148248
148894
148915
149018
149312
149342
149458
149503
150088
151305
151664
152525
154156
154914
154937
154944
157001
157830
158274
158314
158369
158566
158646
158800
159506
159775
161079
161711
162397
162588
163035
163278
164381
165719
166322
166511
166637
167285
167485
167923
168143
168661
168961
169515
169739
169817
170931
171139
171161
172008
172926
173500
173610
173883
174109
174364
174493
174624
174750
175083
175294
176904
177193
177330
177947
178332
179169
179598
180447
180817
180819
181037
181249
181956
182754
182785
182796
182990
183159
183756
184471
184742
185448
186861
186891
187114
187311
187335
187535
188937
190556
190782
190866
191257
192770
194184
194228
194502
194988
196666
198478
198686
199507
200266
201085
201860
202592
203130
203533
204322
204329
204880
205042
205518
206087
206679
207227
207835
209030
210033
210503
211133
212126
212371
213864
214238
214669
215264
215345
216061
216550
217241
217362
217764
219072
219136
219326
220014
220559
220969
221505
221548
222338
222946
222965
224324
224802
224926
225006
225223
225778
226362
226451
228711
228928
229930
230795
231437
231554
231773
233445
233968
234780
234940
235204
235325
235453
235619
236168
236463
236601
236787
237224
237796
240632
240710
240751
241320
241396
241617
242224
242551
242740
243731
244020
244438
244625
245368
246375
246768
246926
247873
248098
248375
249081
249982
250145
250265
250312
251052
251238
252069
252172
252594
252670
252808
253145
253800
254020
255804
256952
257398
257683
257747
258250
258528
258840
258958
260892
261025
261298
261355
262546
262557
263864
263973
264072
265397
265909
267659
268020
268282
268581
269186
270528
271378
272392
272977
274058
274168
274411
274594
275747
275984
276096
278342
278352
280110
280908
280926
281218
281641
281988
282106
282885
284732
284942
285544
286520
287808
288265
288284
288577
288777
288970
291349
291367
291391
291458
291675
292536
293753
293909
294249
295498
296230
297255
297857
298146
298589
298659
298718
298760
299161
299530
299914
300255
300912
301767
301856
303934
304242
304335
304653
305012
305072
305169
305393
305678
306971
307404
307827
309753
310078
310427
310455
311657
312874
313126
313131
313385
314134
314514
315079
315315
315332
315935
315981
317005
317031
317102
317830
318077
318124
318430
319074
319621
319647
319865
320510
320816
320832
321158
322031
322108
322208
322397
322775
323326
324100
324439
325940
327196
327752
327968
328155
328668
329662
329684
329904
330765
331082
331329
331552
332554
332783
332878
333167
333487
334302
335219
335666
336502
336563
337701
338132
338169
339027
339430
340032
340922
341173
341246
341352
341801
342887
343351
343930
344339
345219
346489
347037
347366
347613
347916
348775
349198
349420
349776
350469
351076
351408
351420
351840
352635
353030
353202
354253
354274
354416
355578
355689
356635
357303
357363
358160
358180
358895
358990
360427
360639
360888
361733
361740
361904
362341
362684
362788
362833
363248
364274
366256
366988
367708
367954
368461
369298
369844
369861
370230
370387
370865
371150
371175
371257
371285
371327
371483
371513
371878
372259
372301
372334
372460
373363
373412
373482
373865
375648
376770
377305
377387
378324
378801
378975
379177
379452
379505
379636
379677
380770
380778
381591
381629
381996
382221
382313
382942
383204
383262
384304
384637
386452
387298
387496
387975
389650
389659
389878
390825
391726
391827
392051
392089
392302
393105
393156
393368
393378
395123
395178
395333
395433
396461
397201
397241
397991
398095
398309
398928
400640
402200
402252
402269
402902
402973
404132
404605
404725
404863
405118
407297
408256
408319
408449
408762
410812
411579
412223
413755
413845
413959
414168
415927
416005
416894
417506
417598
417713
417866
418542
418749
418875
418907
419001
419766
420264
420358
420538
421407
422067
422318
422637
422716
423180
423207
424371
424762
424790
425350
425628
425808
425841
426499
426958
427148
427974
428505
428614
428808
429222
430265
430285
430483
430784
431052
431318
431397
431881
433000
433021
434058
434258
434260
434269
434304
435634
436100
436216
436285
436288
436767
436888
437854
438055
438066
438567
439298
439468
439485
439689
440347
440426
441329
441644
442477
442942
443052
443515
443530
444210
444607
444661
444714
444882
445577
445781
446630
447212
448261
448768
449381
450069
450108
450341
451156
451185
451468
451977
452778
453249
453255
453813
453821
453975
454008
454796
454803
454875
455025
455134
456797
457575
457633
458436
458550
459350
459351
460492
460912
461417
462465
463469
463582
464274
464286
464689
466040
466102
466164
466177
466312
466337
466440
466585
467577
467969
467992
469215
469626
471499
472038
472249
472697
472878
473344
474254
474552
475971
476915
477618
477792
478116
480263
480882
481363
481936
482249
482535
482582
483083
483221
483729
484733
484769
484934
485838
487397
488002
488097
488948
489732
490239
491932
492272
492822
493287
493417
493816
494270
495086
495688
496436
497183
497569
498147
498910
498936
499326
499962
500825
502287
504734
505073
505391
506286
507112
507348
507353
507516
507978
508250
508730
509355
509471
510022
510836
511897
512303
512312
512360
512595
512607
513350
513774
514264
514897
515128
515631
515787
515874
517512
518478
519180
519214
519968
520309
520726
520905
520952
521380
521598
521793
521993
522098
522946
523514
523526
525176
525803
526010
526583
527607
527784
528176
528844
531863
531944
532190
532610
532883
533069
534227
535290
536885
537274
538097
539589
540026
540061
540176
540302
540690
540732
541028
542340
542538
543440
543453
543685
543834
544186
544488
544856
545216
545651
546077
546080
546093
546541
547046
547470
547791
548276
548277
548312
548532
548567
549223
549464
549797
550640
550668
551084
552564
553331
553842
553996
554086
554507
554845
555033
555163
555283
556592
556673
556838
556879
556956
556990
556995
557135
557582
557706
558235
558319
558321
559832
560124
561932
562774
562870
563713
563970
564619
564650
565379
565536
566178
566222
566236
566758
567548
567835
567915
568639
569587
569891
571033
571260
571585
571607
572057
572243
572525
572945
573411
574192
574341
574351
574658
576061
576185
576545
576696
577737
578175
579088
579596
580138
580709
580958
581262
581821
582193
582850
583304
583757
583760
584734
584754
585227
585826
586146
586215
586380
586424
586862
587005
587495
587581
587639
588369
588437
588533
588705
589565
590100
590159
591381
591781
591881
592279
592753
593031
593842
594498
594571
594929
596112
596220
596598
596605
598638
598716
598748
599159
599570
599603
600019
600238
602583
603161
603425
605216
605435
605476
605943
606143
609044
609068
609226
610096
611102
611292
611325
612194
612420
612429
613304
613317
613742
614247
614582
615068
615479
615694
615908
616809
618072
618271
619118
621448
622412
622804
623378
623746
624042
624188
624246
626070
626565
626903
627690
628704
630595
630953
631240
631389
632582
633569
634081
634206
634397
634745
634922
637222
637925
637962
638591
638625
638650
639023
639296
639714
639861
639913
640526
641235
641611
641852
642101
642627
642788
642887
643395
644668
644724
645395
645753
645782
646130
646251
646997
647413
647575
647609
648139
648579
648648
649841
650472
651465
651547
652140
653413
654282
654746
654869
655148
656045
656309
657086
657477
657987
658035
658664
659470
660111
660222
660550
660891
661038
661361
661528
661982
662501
662578
662879
662897
663067
663503
663710
663985
664351
664506
665109
665239
665344
665999
666379
666610
666685
666845
667736
667867
668213
668298
668701
669178
669443
669549
669694
669695
669967
670318
670353
670507
670684
672029
672165
672255
672279
672328
673320
673482
673652
673664
674356
674540
674628
676680
676719
676995
677217
677340
678493
678841
679280
679336
680991
681492
681713
684024
684055
684261
684625
684819
685145
685231
685233
685614
686096
686101
686465
688279
688382
688703
688710
689229
690029
690671
691712
691881
692968
695427
695599
696349
696587
696759
697274
697924
698047
699099
699905
700032
700328
700393
700629
701470
701863
702216
703091
703293
704374
704457
704476
705428
705543
706245
706637
706750
706798
708151
708776
709012
710071
710870
711194
712008
712235
712506
712616
712900
713301
713619
713668
713951
714559
715442
715887
716635
717175
717313
717525
718085
718958
719196
719230
719622
720426
720859
720959
721261
721417
722637
722977
723608
724151
724537
726166
726320
726464
727726
727792
728748
729301
729487
730169
730902
731041
731110
731682
732374
733261
734962
735357
735834
736597
736610
738571
738974
739533
739582
739678
739853
740651
741338
741587
741985
742453
742551
742635
743126
743350
743373
743551
744235
745073
745113
745471
745574
746287
747532
747534
747869
748473
749161
749213
749869
750215
750759
750971
751829
752082
753929
754444
755888
755999
756031
756429
756523
757107
757283
757452
757477
757891
758088
758722
758851
759112
759577
759628
760601
761058
761297
761529
761605
762845
763239
763592
763782
765226
766842
767011
767098
767407
769141
769647
771455
771477
772349
772713
773253
774773
775040
775237
775354
776037
776959
777510
777975
778434
779034
779342
779856
780013
780051
780146
780771
781516
781848
781990
783121
783980
784237
784291
784554
785208
785212
785340
786349
787022
789360
789794
789809
791044
791233
791616
792142
792639
793271
793776
793871
794027
795796
797296
798238
798804
798916
799491
799500
799754
801229
801329
801868
801874
802540
802789
803001
804134
805829
806828
806892
807222
807313
807920
808584
809787
810513
810686
810691
811008
812038
812240
812472
812539
813083
813083
813247
813443
814344
815473
815841
816471
817201
817357
818235
818821
819813
820613
820836
821235
821415
821696
822664
823101
823480
823861
823991
824647
825166
825443
825664
826310
826383
826523
826790
827991
830179
830243
830296
830672
831322
831360
831376
831667
831705
832073
832091
832328
832631
832877
833018
833207
833934
834221
834603
834893
835850
836258
836721
836872
838149
838297
838555
839123
839147
839166
839389
839454
839716
839778
842180
842943
842944
843170
843623
844369
844615
844986
845645
845689
846199
846342
847709
847877
848777
849161
849717
850767
851549
852024
853859
854433
855683
855782
856561
857946
858911
859414
861431
861859
862011
862547
862582
862664
863046
863665
863913
864146
864162
866186
866957
868091
869529
870003
870686
871150
871204
871567
871899
872022
872224
872363
872474
872959
873380
873447
874440
874712
874793
874937
875306
875377
876293
876816
877298
877338
878965
879017
880011
880950
881211
881221
881531
881674
882042
882390
884105
884570
884934
885110
885156
885980
886250
886436
886498
886698
887799
887960
888043
888357
888488
888572
889395
891836
892138
893190
893797
895357
895736
896334
897858
897922
899127
899250
900373
901181
901630
901866
901929
902094
902160
903339
904007
905023
905350
906533
906829
906907
906959
906999
907827
908043
908111
908965
909728
911000
912963
914949
915924
917063
917244
918651
920180
920652
921747
922777
923161
923491
924314
924582
924707
925134
925799
927565
928272
929208
929232
929725
929785
931679
931862
932470
932576
933132
933219
933824
933856
934485
934724
935135
936068
936451
937176
937397
937791
937910
938593
939017
939325
939561
939789
939817
940275
940708
941004
941575
941916
942034
943075
944523
944806
945152
945339
945343
945857
946211
946286
946621
947632
947789
948599
948628
949060
949771
950640
950730
951416
951469
952215
953034
953613
954189
954320
954680
955052
955116
956731
957692
957831
958112
958485
958725
959235
959271
959423
960354
960397
960404
961497
961508
962035
962454
963131
964962
965042
965116
965997
967053
967457
967722
968508
969110
969201
969210
970856
971097
971399
972101
972173
972756
972832
973392
974622
975321
977740
978274
978607
978885
979361
979445
979766
979915
980817
981015
982404
983349
983504
984596
984983
985469
985806
986073
986620
988194
988343
988374
988772
988774
988800
988827
988847
990097
990658
990720
990740
991003
991591
992916
993099
993766
994393
994527
994789
995281
995585
996224
996497
997868
998506
999227
999573
