1599
5803
10736
13596
24193
26564
31890
34425
36934
37610
39697
39819
45881
47927
53339
55098
60960
68600
81124
83266
92919
107229
110485
117635
132994
142466
145603
149763
150320
158543
161491
161855
164754
169435
170568
172382
172441
175222
186660
189029
199918
201195
202833
206742
208896
216424
222176
227493
228371
229115
239898
240554
244024
244732
248283
248342
259696
261430
263442
265465
267011
267691
269505
278911
281395
293242
296599
299098
302787
306141
309995
316337
319755
321169
329306
331807
343411
351186
365215
365837
368325
378505
388579
389427
391978
398590
401381
412433
412608
417443
423575
439437
440087
445769
450213
451031
452186
453753
460973
469839
480398
488721
503369
508772
531445
534819
535254
544210
566744
572347
581470
581672
583604
587418
593823
594770
596281
605690
605780
609575
611422
617723
620697
628843
632529
640201
649162
657795
659779
661751
661926
662460
667488
672198
689887
691106
706506
718700
725914
735255
736516
742427
747781
756561
760346
761124
762499
765293
765422
765562
767260
771106
772095
775975
778225
780453
793241
796608
796654
797421
800486
807106
808812
808907
808956
809573
818598
818984
821068
822877
836866
839404
847518
853442
855622
858776
859983
884373
894257
894952
895083
896339
901239
901364
919955
943368
944858
947712
951486
952488
954534
957530
958798
961881
970622
979095
982129
983453
989673
992341
